881,0
0,398
879,1
879,3
879,0
880,1
880,3
880,0
878,1
878,3
878,0
877,1
877,3
877,0
876,1
876,3
0,457
876,0
778,1
778,3
778,0
777,1
777,3
777,0
776,1
776,3
776,0
775,1
775,3
775,0
774,1
774,3
774,0
784,1
784,3
784,0
783,1
783,3
783,0
782,1
782,3
782,0
781,1
781,3
781,0
780,1
780,3
780,0
785,1
785,3
785,0
773,1
773,3
773,0
779,1
779,3
779,0
759,1
759,3
759,0
765,1
765,3
765,0
764,1
764,3
764,0
763,1
763,3
763,0
762,1
762,3
762,0
761,1
761,3
761,0
771,1
771,3
771,0
770,1
770,3
770,0
769,1
769,3
769,0
768,1
768,3
768,0
767,1
767,3
767,0
0,471
772,1
772,3
772,0
760,1
760,3
760,0
766,1
766,3
766,0
756,1
756,3
756,0
755,1
755,3
755,0
754,1
754,3
754,0
747,1
747,3
747,0
746,1
746,3
746,0
745,1
745,3
745,0
744,1
744,3
744,0
743,1
743,3
743,0
753,1
753,3
753,0
752,1
752,3
0,448
752,0
751,1
751,3
751,0
750,1
750,3
750,0
749,1
749,3
749,0
0,492
0,406
742,1
742,3
742,0
748,1
748,3
748,0
732,1
732,3
732,0
731,1
731,3
731,0
730,1
730,3
730,0
729,1
729,3
729,0
728,1
728,3
728,0
738,1
738,3
738,0
737,1
737,3
737,0
736,1
736,3
736,0
1029,1
1029,3
1029,0
1034,1
1034,3
0,490
1034,0
823,1
823,3
823,0
809,1
809,3
0,390
0,451
809,0
997,1
997,3
0,403
0,485
997,0
0,460
870,1
870,3
0,420
0,455
870,0
0,435
0,450
0,408
0,416
0,404
735,1
735,3
735,0
734,1
734,3
734,0
0,472
0,417
0,305
0,405
0,461
733,1
733,3
0,389
0,447
733,0
0,458
0,9
0,502
0,491
0,478
0,463
0,464
0,454
0,449
0,510
0,509
0,429
0,443
0,442
0,433
0,392
0,422
0,421
0,308
0,473
0,304
0,493
0,303
0,302
0,307
0,386
0,12
0,394
0,10
0,391
0,8
0,0
0,641
0,300
0,676
0,299
0,396
0,298
0,370
0,297
0,335
0,296
0,395
0,295
0,645
0,294
0,507
0,293
0,385
0,292
0,358
0,291
0,353
0,290
0,365
0,289
0,498
0,288
0,336
0,287
0,330
0,286
0,364
0,285
0,320
0,284
0,324
0,283
0,327
0,282
0,309
0,281
0,280
0,352
0,279
0,505
0,278
0,334
0,277
0,306
0,276
0,496
0,275
0,323
0,274
881,3
881,1
871,3
871,1
872,3
872,1
873,3
874,0
874,3
875,0
875,3
891,0
891,3
891,1
885,3
885,1
892,3
892,1
893,3
894,0
894,3
895,0
0,441
895,1
896,3
896,1
886,3
886,1
887,3
887,1
888,3
889,0
889,3
890,0
890,3
897,0
897,1
898,0
898,1
908,0
908,3
908,1
902,3
909,0
909,3
910,0
910,3
911,0
911,1
912,0
912,1
913,0
913,1
903,3
903,1
904,3
904,1
905,3
905,1
906,3
907,0
907,3
914,0
914,3
924,0
924,1
918,0
918,1
925,0
925,1
926,0
926,1
927,3
927,1
928,3
928,1
929,3
919,0
919,3
920,0
920,3
921,0
921,3
922,0
922,1
923,0
923,1
939,0
939,3
933,0
933,3
940,0
940,3
941,0
941,1
942,0
942,1
943,0
943,1
944,0
944,1
934,3
934,1
935,3
935,1
936,3
937,0
937,3
938,0
938,3
0,480
1468,0
0,436
1468,1
1462,0
1462,1
1469,0
1469,1
1470,3
1470,1
1471,3
1471,1
1472,3
1472,1
1473,3
1463,0
1463,3
1464,0
1464,3
1465,0
1465,1
1466,0
1466,1
1467,0
1467,1
1480,0
1480,1
1474,3
1474,1
1481,3
1481,1
1482,3
1483,0
1483,3
1484,0
1484,3
1485,0
1485,1
1475,0
1475,1
0,600
0,602
0,603
0,605
0,606
0,608
0,609
0,611
0,613
0,614
0,616
0,617
0,619
0,621
0,622
0,624
0,625
0,627
0,628
0,630
0,632
0,633
0,635
0,636
0,638
0,642
0,646
0,648
0,650
0,652
0,653
0,660
0,662
0,663
0,671
0,672
0,673
4,3
0,675
4,1
0,680
0,688
0,690
0,691
1,3
0,696
0,698
2,0
0,703
1,1
1,2
1,7
1,5
1,8
2,193
2,2
2,6
2,8
2,10
2,12
2,14
2,16
2,17
2,20
2,21
2,23
2,25
2,26
2,28
2,29
2,31
2,32
2,34
2,36
2,37
2,39
2,40
2,64
2,66
2,67
2,69
2,70
2,72
2,73
2,75
2,77
2,78
2,80
2,81
2,83
2,85
2,86
2,88
2,89
2,91
2,93
2,94
2,96
2,97
2,99
2,100
2,102
2,104
2,105
2,107
2,108
2,110
2,112
2,113
2,115
2,116
2,118
2,119
2,121
2,123
2,124
2,126
2,127
2,129
2,131
2,132
2,134
2,135
2,137
2,192
2,195
2,197
2,198
2,200
2,201
2,203
2,205
2,206
3,0
683,0
683,2
684,0
684,1
684,3
685,0
685,2
685,3
686,0
686,2
686,3
687,0
687,1
687,3
688,0
688,1
688,3
688,4
689,1
689,2
689,4
689,6
690,0
690,2
690,3
690,5
691,0
691,1
691,3
691,4
691,6
691,7
692,1
692,3
693,0
693,2
693,3
694,0
694,2
694,3
694,5
694,6
695,0
695,1
695,3
695,5
695,6
696,0
696,1
696,3
697,0
697,1
697,3
697,4
698,1
698,3
699,0
699,2
699,3
700,0
700,1
700,3
701,0
701,1
701,3
701,4
702,1
702,3
702,4
703,0
703,1
703,3
703,4
704,1
704,3
704,4
705,0
705,1
705,3
705,5
705,6
706,0
706,1
706,3
706,4
706,6
707,0
707,1
707,3
707,4
707,6
708,0
708,1
708,3
708,4
708,6
709,0
709,1
709,3
709,4
709,6
709,7
710,1
710,3
710,4
711,1
711,2
711,4
712,0
712,1
712,3
712,4
713,0
713,1
713,3
713,5
713,6
714,1
714,2
714,4
714,6
714,7
715,1
715,2
715,4
716,0
716,2
716,4
716,5
717,1
717,2
717,4
718,0
718,1
718,3
718,4
719,0
719,1
719,3
720,0
720,1
720,3
720,4
721,1
721,3
721,4
722,1
722,2
722,4
722,6
723,0
723,2
723,3
723,5
723,6
723,8
724,1
724,2
724,4
725,0
725,2
725,4
725,5
726,0
726,1
726,3
726,4
726,6
727,1
727,2
727,4
727,5
728,2
728,5
729,2
729,5
729,6
730,4
730,5
731,2
731,5
731,6
732,4
732,5
733,2
733,5
734,2
734,5
734,6
736,2
737,4
738,2
739,0
739,1
739,3
739,4
740,0
740,2
740,3
741,0
741,1
741,3
741,5
741,6
741,8
742,2
742,5
742,6
744,2
746,2
747,2
749,2
750,2
752,2
754,2
754,4
754,6
755,2
756,4
757,0
757,2
757,4
757,5
758,1
758,2
758,4
759,2
759,4
760,2
760,4
762,2
764,2
765,2
767,2
768,2
770,2
771,2
772,4
773,4
773,5
773,7
774,2
776,2
778,2
779,2
781,2
782,2
784,2
785,2
786,0
786,2
786,3
786,5
787,0
787,2
787,4
787,5
788,0
788,1
788,3
788,4
788,6
789,1
789,2
789,4
789,5
790,0
790,2
790,3
790,5
790,6
791,1
791,2
791,4
791,6
792,0
792,2
792,3
792,5
792,7
793,0
793,2
793,3
793,5
794,1
794,2
794,4
794,5
794,7
795,0
795,2
795,4
795,5
795,7
796,0
796,2
796,4
796,5
796,7
797,0
797,2
797,3
797,5
797,7
798,0
798,2
798,3
798,5
798,7
799,0
799,2
799,3
799,5
800,0
800,2
800,4
800,5
801,1
801,2
801,4
801,6
801,7
802,1
802,2
802,4
803,1
803,2
804,0
804,1
804,3
804,4
804,6
805,1
805,2
805,4
806,0
806,2
806,4
806,5
807,1
807,2
807,4
807,5
808,1
808,3
808,4
809,2
809,4
809,6
810,1
810,2
810,4
811,0
811,2
811,3
811,5
811,7
812,0
812,2
812,3
813,0
813,2
813,3
813,5
814,0
814,2
814,3
814,5
815,1
815,2
815,4
816,0
816,2
816,4
816,5
817,1
817,2
817,4
818,0
818,1
818,3
818,4
819,0
819,1
819,3
820,0
820,1
820,3
820,4
820,6
821,1
821,2
821,4
821,5
822,0
822,1
822,3
822,5
822,6
823,4
823,5
824,1
824,3
824,4
825,1
825,2
826,0
826,1
826,3
827,1
827,2
828,0
828,1
828,3
829,1
829,2
830,0
830,1
830,3
831,1
831,2
832,0
832,1
832,3
833,0
833,2
834,0
834,1
834,3
835,0
835,2
835,4
835,5
836,0
836,1
836,3
836,4
836,6
837,1
837,2
837,4
837,5
838,0
838,2
838,3
838,5
838,6
839,1
839,2
839,4
839,6
840,0
840,2
840,3
840,5
841,0
841,1
841,3
841,4
842,1
842,2
842,4
843,1
843,2
843,4
843,5
844,0
844,2
844,3
844,5
844,6
845,1
845,3
845,4
845,6
846,0
846,2
846,3
846,5
847,1
847,2
847,4
847,5
848,0
848,2
848,3
848,5
849,0
849,2
849,3
850,0
850,2
850,3
850,5
850,6
851,0
851,2
851,3
851,5
851,6
852,0
852,1
852,3
853,0
853,1
853,3
853,4
854,1
854,3
854,4
855,1
855,2
855,4
856,0
856,1
856,3
856,4
857,4
857,5
858,1
858,3
858,4
859,0
859,1
859,3
860,0
860,1
860,3
860,4
860,6
861,0
861,2
861,4
861,5
862,0
862,1
862,3
862,5
863,0
863,2
863,3
863,5
864,0
864,2
864,4
864,5
865,0
865,1
865,3
866,0
866,1
866,3
866,4
866,6
866,8
866,9
867,1
867,2
867,4
867,5
867,7
868,1
868,2
868,4
868,5
869,1
869,3
869,4
870,4
871,2
871,5
871,6
871,8
872,2
872,4
872,6
872,7
873,4
874,2
874,4
874,6
874,7
875,4
875,5
876,2
877,2
877,4
878,4
879,2
880,2
881,2
881,4
881,6
882,0
882,2
882,3
883,0
883,2
883,3
884,0
884,1
884,3
884,5
884,6
884,8
884,9
884,11
884,13
884,14
885,4
885,5
885,7
885,8
885,10
885,12
885,13
885,15
885,16
887,2
889,2
890,2
892,2
893,2
895,2
896,2
897,4
898,4
898,5
899,1
899,2
899,4
900,0
900,1
900,3
900,4
901,1
901,2
901,4
901,6
901,7
901,9
901,10
902,2
902,5
902,6
902,8
902,9
902,11
902,13
902,14
903,2
904,2
906,2
907,2
909,2
911,2
912,2
914,2
914,4
915,1
915,3
915,4
915,6
916,0
916,2
916,3
916,5
917,1
917,2
917,4
917,5
917,7
917,9
917,10
917,12
918,2
918,5
918,6
918,8
918,10
918,11
918,13
918,14
919,2
921,2
922,2
924,2
925,2
927,2
928,2
930,0
930,2
930,3
931,0
931,1
931,3
931,5
932,0
932,2
932,3
932,5
932,7
932,8
932,10
932,11
933,2
933,4
933,6
933,8
933,9
933,11
933,12
933,14
933,16
934,2
936,2
937,2
939,2
940,2
942,2
944,2
945,0
945,2
945,3
946,0
946,2
946,3
946,5
947,0
947,2
947,3
947,5
948,1
948,2
948,4
948,5
949,1
949,3
949,4
950,0
950,1
950,3
950,5
951,0
951,2
951,3
951,5
951,6
952,1
952,3
952,4
953,0
953,1
953,3
953,5
954,0
954,2
954,3
954,5
955,0
955,2
955,4
955,5
956,1
956,2
956,4
956,6
957,0
957,2
957,3
957,5
957,6
958,1
958,3
958,4
958,6
959,0
959,2
959,4
960,0
960,2
960,3
960,5
960,6
961,1
961,3
962,0
962,2
962,3
963,1
963,3
963,4
964,1
964,2
964,4
965,1
965,2
965,4
966,0
966,2
966,3
966,5
967,1
967,2
967,4
967,5
968,1
968,3
968,4
969,0
969,1
969,3
970,0
970,2
970,4
970,5
970,7
971,0
971,2
971,4
971,5
971,7
972,0
972,2
972,3
972,5
973,1
973,2
973,4
973,5
974,1
974,3
974,4
975,1
975,2
975,4
976,1
976,2
976,4
976,5
977,1
977,2
977,4
977,6
978,0
978,2
978,3
978,5
979,0
979,1
979,3
979,4
980,0
980,1
980,3
981,0
981,1
981,3
981,4
982,0
982,2
982,3
983,1
983,2
984,0
984,1
984,3
984,5
985,0
985,2
985,3
986,0
986,2
986,3
987,0
987,1
987,3
988,1
988,2
989,0
989,1
989,3
989,4
990,0
990,2
990,3
990,5
990,6
991,1
991,3
992,0
992,2
992,3
993,0
993,1
993,3
994,0
994,1
994,3
994,4
995,1
995,3
995,4
997,2
997,4
998,0
998,1
998,3
999,1
999,2
1000,0
1000,1
1000,3
1001,1
1001,2
1002,0
1002,1
1002,3
1003,0
1003,2
1004,0
1004,1
1004,3
1005,0
1005,2
1005,4
1005,5
1006,1
1006,2
1006,4
1007,0
1007,1
1007,3
1007,4
1008,0
1008,1
1008,3
1009,0
1009,1
1009,3
1010,0
1010,2
1010,4
1011,0
1011,2
1011,3
1012,1
1012,2
1012,4
1012,6
1013,0
1013,2
1013,3
1014,1
1014,3
1015,0
1015,2
1015,3
1016,1
1016,2
1017,0
1017,2
1017,3
1018,1
1018,2
1018,4
1018,6
1019,0
1019,2
1019,3
1019,5
1020,0
1020,1
1020,3
1020,4
1021,1
1021,2
1021,4
1022,0
1022,1
1022,3
1022,4
1023,1
1023,3
1023,4
1024,0
1024,1
1024,3
1024,4
1025,1
1025,3
1025,4
1025,6
1026,0
1026,2
1026,4
1027,0
1027,2
1027,3
1027,5
1028,0
1028,2
1028,4
1028,5
1029,4
1029,5
1030,0
1030,2
1030,3
1030,5
1030,6
1031,1
1031,2
1031,4
1031,6
1032,0
1032,2
1032,3
1032,5
1033,0
1033,1
1033,3
1033,4
1034,4
1035,1
1035,2
1035,4
1035,5
1036,0
1036,1
1036,3
1037,0
1037,1
1037,3
1037,4
1038,0
1038,2
1038,3
1039,0
1039,1
1039,3
1039,4
1040,1
1040,3
1040,4
1041,1
1041,2
1041,4
1042,1
1042,2
1042,4
1043,0
1043,2
1043,3
1043,5
1043,7
1044,0
1044,2
1044,3
1044,5
1044,7
1045,0
1045,2
1045,3
1045,5
1045,7
1046,0
1046,2
1046,3
1047,0
1047,1
1047,3
1048,0
1048,1
1048,3
1048,4
1048,6
1048,8
1049,0
1049,2
1049,3
1049,5
1049,6
1049,8
1050,1
1050,2
1051,0
1051,1
1051,3
1051,5
1051,6
1051,8
1052,0
1052,2
1052,3
1052,5
1053,0
1053,1
1053,3
1053,4
1053,6
1054,1
1054,2
1054,4
1054,5
1055,0
1055,1
1055,3
1056,1
1056,2
1057,0
1057,1
1057,3
1057,5
1057,6
1058,1
1058,2
1058,4
1058,6
1059,0
1059,2
1059,3
1060,0
1060,1
1060,3
1061,0
1061,1
1061,3
1061,4
1062,1
1062,3
1062,4
1063,0
1063,1
1063,3
1063,4
1064,1
1064,3
1064,4
1065,0
1065,1
1065,3
1065,5
1066,0
1066,2
1066,3
1067,0
1067,1
1067,3
1068,0
1068,1
1068,3
1069,0
1069,2
1069,4
1070,0
1070,2
1070,3
1071,0
1071,2
1071,3
1071,5
1072,0
1072,2
1072,3
1072,5
1073,1
1073,2
1073,4
1074,0
1074,2
1074,4
1074,5
1075,0
1075,1
1075,3
1076,0
1076,2
1076,4
1076,5
1077,1
1077,2
1077,4
1077,6
1078,0
1078,2
1078,3
1078,5
1078,6
1079,0
1079,2
1079,3
1079,5
1080,0
1080,2
1080,4
1080,5
1081,1
1081,2
1081,4
1082,0
1082,1
1082,3
1082,4
1083,1
1083,2
1083,4
1084,1
1084,2
1084,4
1084,5
1084,7
1085,1
1085,2
1085,4
1085,5
1086,1
1086,2
1086,4
1086,6
1087,0
1087,2
1087,3
1088,0
1088,2
1088,3
1089,1
1089,2
1089,4
1089,5
1090,1
1090,3
1090,4
1092,0
1092,1
1092,3
1093,0
1093,1
1093,3
1094,0
1094,2
1094,3
1095,1
1095,3
1096,0
1096,2
1096,3
1097,1
1097,3
1098,0
1098,2
1098,3
1099,1
1099,3
1100,0
1100,2
1100,3
1293,1
1293,2
1462,2
1462,5
1462,6
1463,2
1464,2
1466,2
1468,2
1469,2
1471,2
1472,2
1474,2
1474,4
1474,6
1474,8
1474,9
1474,11
1475,2
1477,2
1479,2
1480,2
1482,2
1483,2
1485,2
1484,2
1481,2
1478,2
1476,2
1474,10
1474,7
1474,5
1473,2
1470,2
1467,2
1465,2
1462,7
1462,4
1293,3
1293,0
1100,1
1099,2
1099,0
1098,1
1097,2
1097,0
1096,1
1095,2
1095,0
1094,1
1093,2
1092,4
1092,2
1090,5
1090,2
1090,0
1089,3
1089,0
1088,1
1087,4
1087,1
1086,5
1086,3
1086,0
1085,3
1085,0
1084,6
1084,3
1084,0
1083,3
1083,0
1082,2
1081,5
1081,3
1081,0
1080,3
1080,1
1079,4
1079,1
1078,7
1078,4
1078,1
1077,5
1077,3
1077,0
1076,3
1076,1
1075,2
1074,6
1074,3
1074,1
1073,3
1073,0
1072,4
1072,1
1071,4
1071,1
1070,4
1070,1
1069,3
1069,1
1068,2
1067,4
1067,2
1066,4
1066,1
1065,4
1065,2
1064,5
1064,2
1064,0
1063,2
1062,5
1062,2
1062,0
1061,2
1060,4
1060,2
1059,4
1059,1
1058,5
1058,3
1058,0
1057,4
1057,2
1056,3
1056,0
1055,2
1054,6
1054,3
1054,0
1053,5
1053,2
1052,6
1052,4
1052,1
1051,7
1051,4
1051,2
1050,3
1050,0
1049,7
1049,4
1049,1
1048,7
1048,5
1048,2
1047,4
1047,2
1046,4
1046,1
1045,6
1045,4
1045,1
1044,6
1044,4
1044,1
1043,6
1043,4
1043,1
1042,3
1042,0
1041,3
1041,0
1040,2
1040,0
1039,2
1038,4
1038,1
1037,5
1037,2
1036,4
1036,2
1035,6
1035,3
1035,0
1034,2
1033,2
1032,6
1032,4
1032,1
1031,5
1031,3
1031,0
1030,4
1030,1
1029,6
1029,2
1028,3
1028,1
1027,4
1027,1
1026,3
1026,1
1025,5
1025,2
1025,0
1024,2
1023,5
1023,2
1023,0
1022,2
1021,5
1021,3
1021,0
1020,2
1019,6
1019,4
1019,1
1018,5
1018,3
1018,0
1017,1
1016,3
1016,0
1015,1
1014,2
1014,0
1013,1
1012,5
1012,3
1012,0
1011,1
1010,3
1010,1
1009,2
1008,4
1008,2
1007,5
1007,2
1006,5
1006,3
1006,0
1005,3
1005,1
1004,2
1003,3
1003,1
1002,2
1001,3
1001,0
1000,2
999,3
999,0
998,2
997,5
995,5
995,2
995,0
994,2
993,4
993,2
992,4
992,1
991,2
991,0
990,4
990,1
989,5
989,2
988,3
988,0
987,2
986,4
986,1
985,4
985,1
984,4
984,2
983,3
983,0
982,1
981,5
981,2
980,4
980,2
979,5
979,2
978,6
978,4
978,1
977,5
977,3
977,0
976,3
976,0
975,3
975,0
974,2
974,0
973,3
973,0
972,4
972,1
971,6
971,3
971,1
970,6
970,3
970,1
969,2
968,5
968,2
968,0
967,3
967,0
966,4
966,1
965,3
965,0
964,3
964,0
963,2
963,0
962,1
961,2
961,0
960,4
960,1
959,3
959,1
958,5
958,2
958,0
957,4
957,1
956,5
956,3
956,0
955,3
955,1
954,4
954,1
953,4
953,2
952,5
952,2
952,0
951,4
951,1
950,4
950,2
949,5
949,2
949,0
948,3
948,0
947,4
947,1
946,4
946,1
945,4
945,1
943,2
941,2
938,2
935,2
933,15
933,13
933,10
933,7
933,5
932,12
932,9
932,6
932,4
932,1
931,4
931,2
930,4
930,1
929,2
926,2
923,2
920,2
918,15
918,12
918,9
918,7
918,4
917,11
917,8
917,6
917,3
917,0
916,4
916,1
915,5
915,2
915,0
913,2
910,2
908,2
905,2
902,15
902,12
902,10
902,7
902,4
901,11
901,8
901,5
901,3
901,0
900,2
899,5
899,3
899,0
898,2
897,2
894,2
891,2
888,2
886,2
885,14
885,11
885,9
885,6
885,2
884,12
884,10
884,7
884,4
884,2
883,4
883,1
882,4
882,1
881,5
880,4
879,4
878,2
876,4
875,6
875,2
874,5
873,5
873,2
872,5
871,9
871,7
871,4
870,2
869,2
869,0
868,3
868,0
867,6
867,3
867,0
866,7
866,5
866,2
865,4
865,2
864,6
864,3
864,1
863,4
863,1
862,4
862,2
861,6
861,3
861,1
860,5
860,2
859,4
859,2
858,5
858,2
858,0
857,2
856,2
855,5
855,3
855,0
854,2
854,0
853,2
852,4
852,2
851,7
851,4
851,1
850,7
850,4
850,1
849,4
849,1
848,4
848,1
847,6
847,3
847,0
846,4
846,1
845,5
845,2
845,0
844,4
844,1
843,6
843,3
843,0
842,3
842,0
841,2
840,6
840,4
840,1
839,5
839,3
839,0
838,4
838,1
837,6
837,3
837,0
836,5
836,2
835,6
835,3
835,1
834,2
833,3
833,1
832,2
831,3
831,0
830,2
829,3
829,0
828,2
827,3
827,0
826,2
825,3
825,0
824,2
824,0
823,2
822,4
822,2
821,6
821,3
821,0
820,5
820,2
819,4
819,2
818,5
818,2
817,5
817,3
817,0
816,3
816,1
815,3
815,0
814,4
814,1
813,4
813,1
812,4
812,1
811,6
811,4
811,1
810,3
810,0
809,5
808,5
808,2
808,0
807,3
807,0
806,3
806,1
805,3
805,0
804,5
804,2
803,3
803,0
802,3
802,0
801,5
801,3
801,0
800,3
800,1
799,4
799,1
798,6
798,4
798,1
797,6
797,4
797,1
796,6
796,3
796,1
795,6
795,3
795,1
794,6
794,3
794,0
793,4
793,1
792,6
792,4
792,1
791,5
791,3
791,0
790,4
790,1
789,6
789,3
789,0
788,5
788,2
787,6
787,3
787,1
786,4
786,1
785,4
783,2
780,2
777,2
775,2
773,6
773,2
772,2
769,2
766,2
763,2
761,2
759,5
758,5
758,3
758,0
757,3
757,1
756,2
754,5
753,2
751,2
748,2
745,2
743,2
742,4
741,7
741,4
741,2
740,4
740,1
739,5
739,2
738,4
737,2
735,2
734,4
733,4
732,6
732,2
731,4
730,6
730,2
729,4
728,4
727,6
727,3
727,0
726,5
726,2
725,6
725,3
725,1
724,3
724,0
723,7
723,4
723,1
722,5
722,3
722,0
721,2
721,0
720,2
719,4
719,2
718,5
718,2
717,5
717,3
717,0
716,3
716,1
715,3
715,0
714,5
714,3
714,0
713,4
713,2
712,5
712,2
711,5
711,3
711,0
710,2
710,0
709,5
709,2
708,7
708,5
708,2
707,7
707,5
707,2
706,7
706,5
706,2
705,7
705,4
705,2
704,5
704,2
704,0
703,2
702,5
702,2
702,0
701,2
700,4
700,2
699,4
699,1
698,2
698,0
697,2
696,4
696,2
695,7
695,4
695,2
694,7
694,4
694,1
693,4
693,1
692,2
692,0
691,5
691,2
690,6
690,4
690,1
689,5
689,3
689,0
688,2
687,4
687,2
686,4
686,1
685,4
685,1
684,2
683,3
683,1
2,207
2,204
2,202
2,199
2,196
2,194
2,136
2,133
2,130
2,128
2,125
2,122
2,120
2,117
2,114
2,111
2,109
2,106
2,103
2,101
2,98
2,95
2,92
2,90
2,87
2,84
2,82
2,79
2,76
2,74
2,71
2,68
2,65
2,41
2,38
2,35
2,33
2,30
2,27
2,24
2,22
2,19
2,15
2,13
2,9
2,4
2,1
1,6
1,4
2,3
0,699
0,697
0,692
1,0
0,681
0,678
0,674
4,0
0,670
0,661
0,659
0,651
0,647
0,639
0,637
0,634
0,631
0,629
0,626
0,623
0,620
0,618
0,615
0,612
0,610
0,607
0,604
0,601
0,599
0,598
0,597
0,596
0,595
0,594
0,593
0,592
0,591
0,590
0,589
0,588
0,587
0,586
0,585
0,584
0,583
0,582
0,581
0,580
0,579
0,578
0,577
0,576
0,522
0,521
0,520
0,519
0,518
0,517
0,516
0,515
0,514
0,513
0,512
0,497
0,482
0,481
0,477
0,459
0,456
0,453
0,452
0,446
0,445
0,444
0,438
0,432
0,431
0,430
0,427
0,425
0,424
0,412
0,407
0,399
0,397
0,388
0,339
0,322
0,243
857,1
857,3
857,0
1476,0
1476,1
1477,0
1477,1
1478,3
1478,1
1479,3
1479,1
0,310
1479,0
1478,0
1477,3
1476,3
1475,3
1485,3
1484,1
1483,1
1482,1
1482,0
1481,0
1474,0
1480,3
1467,3
1466,3
1465,3
1464,1
1463,1
1473,1
1473,0
1472,0
1471,0
1470,0
1469,3
1462,3
1468,3
0,503
938,1
937,1
936,1
936,0
935,0
934,0
944,3
943,3
942,3
941,3
940,1
933,1
939,1
0,470
923,3
922,3
921,1
920,1
919,1
929,1
929,0
928,0
927,0
926,3
925,3
918,3
924,3
914,1
907,1
906,1
906,0
905,0
904,0
903,0
913,3
912,3
911,3
910,1
909,1
902,1
902,0
0,466
898,3
897,3
890,1
889,1
888,1
888,0
887,0
886,0
896,0
895,3
894,1
893,1
893,0
892,0
885,0
0,462
875,1
874,1
873,1
873,0
872,0
871,0
0,367
0,273
0,644
0,272
0,343
0,271
0,341
0,270
0,332
0,269
0,340
0,268
0,347
0,267
0,658
0,266
0,357
0,265
0,479
0,264
0,489
0,263
0,311
0,262
0,312
0,261
0,640
0,260
0,375
0,259
0,494
0,258
0,376
0,257
0,325
0,256
0,374
0,255
0,373
0,254
0,301
0,253
0,319
0,252
0,351
0,251
0,349
0,250
0,684
0,249
0,501
0,248
0,685
0,247
0,360
0,246
0,333
0,245
0,669
0,244
0,476
0,242
0,683
0,241
0,475
0,240
0,344
0,239
0,411
0,238
0,474
0,237
0,356
0,236
0,321
0,235
0,317
0,234
0,366
0,233
0,382
0,232
0,369
0,231
0,666
0,230
0,368
0,229
0,488
0,228
0,487
0,227
0,355
0,226
0,657
0,225
0,338
0,224
0,665
0,223
0,331
0,222
0,504
0,221
0,363
0,220
0,702
0,219
0,437
0,218
0,326
0,217
0,346
0,216
0,316
0,215
0,383
0,214
0,655
0,213
0,329
0,212
0,315
0,211
0,654
0,210
0,372
0,209
0,434
0,208
0,371
0,207
0,486
0,206
0,409
0,205
0,381
0,204
0,350
0,203
0,380
0,202
0,500
0,201
0,384
0,200
0,199
0,499
0,198
0,484
0,197
0,354
0,196
0,379
0,195
0,467
0,194
0,378
0,193
0,342
0,192
0,511
0,63
0,377
0,62
0,700
0,61
0,643
0,60
0,483
0,59
0,402
0,58
0,465
0,57
0,679
0,56
0,345
0,55
0,314
0,54
0,328
0,53
0,52
0,337
0,51
0,313
0,50
0,359
0,49
0,423
0,48
0,362
0,47
0,348
0,46
0,693
0,45
0,361
0,6
0,1
0,506
0,11
0,4
0,2
0,3
0,7
0,5
